--- RESUMEN DE LA INSTANCIA: I13 ---
Archivos analizados: 1 (I13.txt)
Ejecuciones: 5

--- ESTADÍSTICAS DEL BENEFICIO ---
Mejor Beneficio Encontrado: 94357.0
Peor Beneficio Encontrado: 94180.0
Media del Beneficio: 94255.80
Desviación Estándar: 75.24

--- OTRAS MÉTRICAS PROMEDIO ---
Tiempo de ejecución medio: 476.6916 segundos
Soluciones Factibles exploradas (media): 41975.6
Soluciones Infactibles exploradas (media): 8024.4

Mejor Solución Global Encontrada (índices):
[6, 1, 0, 9, 0, 3, 1, 1, 9, 9, 4, 2, 2, 6, 3, 7, 4, 0, 6, 2, 3, 7, 4, 9, 9, 8, 6, 5, 5, 4, 0, 6, 4, 5, 7, 2, 8, 3, 5, 7, 6, 8, 9, 3, 7, 5, 5, 7, 9, 3, 6, 4, 9, 1, 6, 7, 7, 0, 8, 1, 7, 5, 4, 9, 9, 8, 7, 9, 2, 9, 7, 1, 9, 3, 6, 9, 5, 2, 6, 8, 9, 6, 8, 8, 1, 5, 9, 9, 4, 9, 8, 7, 6, 5, 5, 8, 9, 8, 6, 9, 6, 8, 9, 7, 7, 9, 8, 4, 0, 8, 1, 8, 3, 9, 9, 9, 9, 4, 9, 8, 3, 1, 7, 7, 9, 7, 3, 1, 9, 9, 9, 8, 9, 2, 8, 5, 4, 4, 3, 8, 9, 2, 8, 9, 7, 9, 9, 3, 7, 6, 2, 5, 3, 8, 8, 7, 9, 9, 6, 5, 6, 8, 7, 3, 7, 5, 6, 8, 9, 7, 4, 7, 7, 7, 2, 5, 7, 1, 5, 2, 9, 9, 9, 9, 6, 9, 6, 2, 8, 9, 9, 3, 9, 5, 0, 5, 6, 4, 3, 8, 9, 5, 9, 7, 9, 9, 2, 7, 4, 9, 8, 1, 5, 4, 8, 5, 9, 0, 5, 3, 7, 9, 8, 5, 0, 8, 8, 4, 6, 8, 9, 0, 2, 9, 8, 9, 2, 4, 6, 9, 0, 8, 7, 8, 5, 9, 3, 9, 1, 7, 3, 5, 6, 9, 2, 7, 3, 6, 4, 9, 9, 8, 8, 9, 1, 8, 0, 2, 7, 8, 4, 9, 2, 6, 1, 4, 7, 7, 8, 6, 8, 1, 9, 7, 7, 8, 9, 7, 9, 1, 7, 6, 8, 7, 7, 8, 8, 1, 7, 7, 8, 8, 9, 9, 5, 8, 6, 3, 6, 1, 3, 4, 5, 9, 7, 9, 6, 4, 0, 7, 6, 9, 9, 7, 2, 7, 8, 9, 9, 6, 8, 9, 8, 9, 8, 9, 2, 3, 8, 9, 6, 5, 0, 5, 0, 9, 9, 4, 7, 3, 6, 9, 4, 9, 9, 7, 5, 5, 9, 9, 8, 8, 8, 9, 5, 8, 7, 7, 7, 7, 4, 1, 8, 6, 1, 7, 8, 8, 1, 5, 8, 4, 8, 0, 4, 7, 2, 7, 9, 3, 7, 4, 3, 7, 2, 7, 9, 5, 8, 9]
