--- RESUMEN DE LA INSTANCIA: INST20 ---
Archivos analizados: 1 (INST20.txt)
Ejecuciones: 5

--- ESTADÍSTICAS DEL BENEFICIO ---
Mejor Beneficio Encontrado: 71777.0
Peor Beneficio Encontrado: 71485.0
Media del Beneficio: 71693.60
Desviación Estándar: 120.31

--- OTRAS MÉTRICAS PROMEDIO ---
Tiempo de ejecución medio: 402.2315 segundos
Soluciones Factibles exploradas (media): 40913.8
Soluciones Infactibles exploradas (media): 9086.2

Mejor Solución Global Encontrada (índices):
[7, 15, 2, 14, 12, 16, 12, 19, 9, 4, 14, 13, 1, 3, 2, 12, 11, 3, 12, 5, 14, 14, 11, 6, 11, 19, 10, 3, 17, 14, 17, 12, 1, 11, 10, 12, 0, 8, 8, 10, 10, 15, 7, 11, 7, 13, 8, 1, 17, 9, 14, 9, 11, 0, 8, 16, 16, 19, 2, 10, 18, 12, 0, 13, 9, 4, 15, 8, 7, 4, 16, 5, 10, 9, 17, 17, 6, 14, 18, 7, 7, 19, 12, 1, 13, 2, 7, 15, 11, 16, 15, 13, 17, 3, 0, 3, 7, 18, 3, 8, 7, 12, 4, 2, 11, 13, 2, 7, 4, 8, 3, 7, 2, 17, 4, 10, 10, 8, 3, 7, 9, 4, 4, 0, 2, 11, 11, 1, 17, 3, 9, 12, 9, 10, 16, 17, 7, 0, 15, 17, 13, 3, 16, 8, 9, 2, 17, 8, 18, 10, 11, 3, 8, 18, 15, 8, 1, 19, 7, 8, 5, 11, 13, 13, 17, 7, 17, 1, 15, 18, 16, 16, 4, 11, 1, 13, 9, 0, 6, 18, 10, 2, 9, 4, 18, 0, 4, 14, 2, 6, 4, 17, 16, 1, 15, 14, 1, 14, 17, 5, 5, 0, 13, 18, 19, 9, 7, 6, 16, 9, 6, 2, 1, 1, 2, 13, 13, 14, 12, 14, 7, 3, 17, 10, 6, 6, 0, 8, 4, 12, 5, 2, 12, 18, 16, 12, 12, 19, 6, 16, 16, 19, 1, 13, 1, 7, 18, 10, 19, 4, 3, 18, 9, 14, 1, 18, 5, 12, 13, 13, 14, 12, 13, 1, 15, 17, 18, 7, 6, 19, 15, 0, 14, 7, 5, 7, 18, 18, 7, 1, 8, 3, 0, 5, 17, 17, 12, 11, 13, 15, 15, 12, 9, 17, 15, 13, 4, 19, 3, 15, 10, 11, 10, 5, 5, 6, 8, 6, 10, 7, 11, 7, 10, 8, 15, 14, 12, 16, 5, 15, 15, 7, 0, 0, 4, 4, 14, 7, 1, 13, 4, 11, 18, 10, 3, 10, 17, 18, 0, 3, 4, 9, 13, 5, 2, 17, 17, 13, 14, 4]
