--- RESUMEN DE LA INSTANCIA: INST19 ---
Archivos analizados: 1 (INST19.txt)
Ejecuciones: 5

--- ESTADÍSTICAS DEL BENEFICIO ---
Mejor Beneficio Encontrado: 61654.0
Peor Beneficio Encontrado: 61456.0
Media del Beneficio: 61581.80
Desviación Estándar: 79.92

--- OTRAS MÉTRICAS PROMEDIO ---
Tiempo de ejecución medio: 358.0948 segundos
Soluciones Factibles exploradas (media): 42275.4
Soluciones Infactibles exploradas (media): 7724.6

Mejor Solución Global Encontrada (índices):
[19, 11, 10, 8, 18, 12, 10, 7, 19, 16, 17, 2, 16, 9, 15, 10, 18, 14, 6, 12, 11, 5, 2, 0, 17, 1, 3, 13, 19, 0, 15, 17, 14, 14, 14, 0, 13, 9, 2, 3, 14, 1, 14, 2, 17, 16, 17, 14, 1, 7, 12, 7, 18, 1, 9, 1, 1, 3, 19, 6, 12, 18, 8, 13, 3, 1, 13, 16, 5, 9, 1, 5, 7, 18, 3, 10, 15, 0, 16, 19, 2, 11, 18, 12, 14, 3, 18, 5, 16, 10, 13, 3, 19, 6, 16, 0, 9, 19, 9, 1, 14, 15, 3, 16, 18, 3, 15, 16, 13, 4, 16, 3, 4, 10, 8, 5, 2, 17, 4, 17, 12, 1, 8, 4, 5, 10, 16, 2, 2, 16, 12, 13, 9, 6, 19, 3, 7, 9, 18, 6, 12, 12, 15, 3, 7, 12, 12, 1, 14, 14, 13, 19, 1, 2, 7, 12, 11, 4, 5, 0, 12, 0, 19, 2, 1, 7, 1, 10, 10, 4, 2, 6, 2, 11, 9, 7, 15, 18, 19, 8, 11, 17, 16, 19, 3, 2, 7, 12, 0, 14, 5, 10, 8, 6, 0, 1, 13, 15, 8, 2, 6, 15, 4, 10, 19, 0, 17, 7, 2, 16, 12, 5, 7, 15, 3, 6, 13, 10, 17, 15, 14, 10, 18, 6, 14, 19, 6, 1, 16, 2, 9, 2, 13, 6, 3, 1, 10, 2, 7, 13, 16, 18, 17, 11, 14, 9, 8, 13, 2, 7, 13, 7, 11, 3, 6, 14, 7, 4, 13, 7, 2, 16, 1, 5, 13, 10, 16, 14, 6, 15, 6, 18, 17, 13, 4, 9, 9, 1, 6, 17, 16, 18, 7, 16, 9, 16, 13, 4, 6, 1, 18, 2, 12, 16, 8, 15, 12, 11, 11, 17]
