--- RESUMEN DE LA INSTANCIA: INST17 ---
Archivos analizados: 1 (INST17.txt)
Ejecuciones: 5

--- ESTADÍSTICAS DEL BENEFICIO ---
Mejor Beneficio Encontrado: 51507.0
Peor Beneficio Encontrado: 51349.0
Media del Beneficio: 51415.60
Desviación Estándar: 58.82

--- OTRAS MÉTRICAS PROMEDIO ---
Tiempo de ejecución medio: 372.3836 segundos
Soluciones Factibles exploradas (media): 43941.4
Soluciones Infactibles exploradas (media): 6058.6

Mejor Solución Global Encontrada (índices):
[2, 12, 29, 3, 0, 23, 3, 13, 0, 2, 26, 13, 2, 2, 12, 29, 29, 19, 22, 2, 18, 4, 14, 13, 2, 24, 22, 9, 5, 22, 20, 15, 11, 4, 7, 24, 4, 0, 18, 12, 15, 15, 3, 24, 16, 26, 4, 1, 14, 15, 24, 3, 16, 4, 18, 7, 0, 1, 26, 22, 27, 2, 8, 23, 14, 18, 21, 24, 11, 27, 21, 20, 17, 21, 28, 24, 16, 6, 13, 28, 12, 27, 10, 12, 0, 2, 27, 24, 25, 11, 4, 18, 24, 6, 27, 18, 3, 14, 0, 2, 17, 16, 2, 0, 2, 27, 6, 11, 20, 5, 3, 3, 14, 19, 21, 26, 8, 8, 15, 9, 24, 22, 9, 1, 23, 23, 7, 4, 9, 29, 12, 25, 2, 7, 17, 27, 28, 10, 15, 13, 27, 17, 3, 14, 5, 2, 9, 12, 3, 19, 25, 23, 15, 12, 21, 24, 20, 2, 1, 5, 9, 24, 9, 11, 21, 15, 22, 16, 1, 15, 12, 16, 10, 0, 5, 23, 8, 22, 1, 6, 24, 15, 14, 15, 14, 12, 21, 24, 5, 21, 12, 2, 8, 14, 0, 22, 5, 3, 20, 28, 6, 14, 15, 19, 26, 1, 22, 0, 8, 8, 17, 27, 15, 28, 2, 27, 21, 5, 1, 25, 27, 21, 5, 27, 29, 6, 1, 18, 18, 4, 21, 25, 5, 9, 21, 23, 14, 13, 9, 3, 28, 3, 9, 6, 5, 26, 18, 23, 14, 24]
